RN,f1,f2,f3
RN001,0.15258728179551123,0.057356608478802994,0.7900561097256857
RN002,0.11964817361604377,0.06305067327600539,0.8173011531079508
RN003,0.08463773441896252,0.033590959725300594,0.8817713058557369
RN004,0.10388584107107579,0.05815844262419646,0.8379557163047278
RN005,0.08858822903363134,0.09446839080459771,0.8169433801617709
RN006,0.06627404067359897,0.023944050795987853,0.9097819085304132
RN007,0.07883827575664934,0.06760012228676246,0.8535616019565881
RN008,0.07320876744831281,0.0337437693139309,0.8930474632377563
RN009,0.08254377629971495,0.02896701506719153,0.8884892086330936
RN010,0.0315217242465322,0.009790631119144449,0.9586876446343233
RN011,0.0485753052917232,0.029907281772953414,0.9215174129353234
RN012,0.05425306122448979,0.02349387755102041,0.9222530612244898
RN013,0.09522444458922405,0.0441331682845788,0.8606423871261971
RN014,0.05643217056477874,0.05882016887375601,0.8847476605614653
RN015,0.17079418403233426,0.045792871765261665,0.783412944202404
RN016,0.0377793135222299,0.03641069420166131,0.9258099922761088
RN017,0.09230228823765556,0.052780008028904056,0.8549177037334403
RN018,0.1319807749564034,0.057175364722895666,0.810843860320701
RN019,0.12493689384881095,0.18601036269430052,0.6890527434568885
RN020,0.10970449795238661,0.09024792264949277,0.8000475793981207
RN021,0.08287027303036675,0.09036434085243145,0.8267653861172019
RN022,0.09688757577301207,0.048787631806836124,0.8543247924201518
RN023,0.08326634896939772,0.07109433312281105,0.8456393179077912
RN024,0.05560110592048813,0.02209934216798551,0.9222995519115263
RN025,0.12187048791783583,0.14134906148690984,0.7367804505952543
RN026,0.0983037185429286,0.06670143786820924,0.8349948435888621
RN027,0.10067602060547932,0.03729715514440852,0.8620268242501121
RN028,0.1607438979264599,0.13673304370468842,0.7025230583688516
RN029,0.07809988006226555,0.058641896547324365,0.8632582233904101
RN030,0.06276493427848823,0.038150536102304705,0.899084529619207
RN031,0.06230688222564257,0.0344863501174619,0.9032067676568956
RN032,0.06602587136183974,0.09574499940112588,0.8382291292370344
RN033,0.06359460010348233,0.025839226077549036,0.9105661738189686
RN034,0.12364391383337658,0.14916169218790554,0.7271943939787179
RN035,0.1306276336216456,0.06018518518518518,0.8091871811931692
RN036,0.039920688437209,0.013654753877275792,0.9464245576855153
RN037,0.11127269456230042,0.0401942999355332,0.8485330055021664
RN038,0.10890984587233443,0.043176859736786546,0.847913294390879
RN039,0.03193918257771533,0.016509019745590485,0.9515517976766942
RN040,0.033693243766046495,0.028757664216462094,0.9375490920174914
RN041,0.06485267588695129,0.03606434155141311,0.8990829825616355
RN042,0.0638066727825793,0.04360001931340833,0.8925933079040124
RN043,0.02889175876295729,0.04917770488805586,0.9219305363489868
RN044,0.04990816896909686,0.030439990417631558,0.9196518406132715
RN045,0.0810666453017132,0.0572180159970089,0.8617153387012779
RN046,0.04967458755864992,0.017950658392613894,0.9323747540487362
RN047,0.040467915298963764,0.013339125957392032,0.9461929587436442
RN048,0.06714734654569415,0.0201226620710629,0.912729991383243
RN049,0.06280961928099375,0.02439826454083527,0.912792116178171
RN050,0.13318640556880315,0.037442493436423634,0.8293711009947732
RN051,0.08258310056643038,0.04324456660842857,0.8741723328251411
RN052,0.11024892579364359,0.05964791413601175,0.8301031600703447
RN053,0.06365385040571316,0.056976718477083285,0.8793694311172036
RN054,0.07492822327568939,0.02948521065633972,0.8955865660679709
RN055,0.15647621509824197,0.0693295415374009,0.7741942433643572
RN056,0.045431264085228434,0.024124154886293794,0.9304445810284778
RN057,0.09117219605091711,0.0447779893755638,0.8640498145735191
RN058,0.07685849221619731,0.07358754591569004,0.8495539618681126
RN059,0.07529600266350375,0.050200803212851405,0.8745031941236449
RN060,0.09994109935209287,0.04392848321331535,0.8561304174345917
RN061,0.05792642140468227,0.01837792642140468,0.923695652173913
RN062,0.1290278229132815,0.12107841911856611,0.7498937579681524
RN063,0.029935435808294015,0.018760864166873604,0.9513037000248323
RN064,0.04874284533777297,0.026370474790069147,0.9248866798721579
RN065,0.09340204802575683,0.04166480347001744,0.8649331485042258
RN066,0.13657327804187316,0.07017295438454536,0.7932537675735815
RN067,0.039148686908132384,0.01887002970669865,0.941981283385169
RN068,0.06143864146107017,0.026740895012282388,0.9118204635266475
RN069,0.1668174507438681,0.061268596702854845,0.771913952553277
RN070,0.0744275370129043,0.046551504521894195,0.8790209584652015
RN071,0.10099540707082263,0.050211667020807114,0.8487929259083703
RN072,0.0544732725287051,0.018625106998435607,0.9269016204728593
RN073,0.05213709314148187,0.029511319321998995,0.9183515875365191
RN074,0.08903367377346734,0.06344648226911928,0.8475198439574134
RN075,0.11307075348402097,0.04839796943141328,0.8385312770845658
RN076,0.051166307951835265,0.021988249665522656,0.9268454423826421
RN077,0.044924392944352604,0.03131967300138019,0.9237559340542673
RN078,0.09004861996931211,0.05152237812655981,0.8584290019041281
RN079,0.11548245360467133,0.08560733075099729,0.7989102156443314
RN080,0.0507089071297741,0.060737625217646925,0.8885534676525789
RN081,0.043653178418803416,0.0219017094017094,0.9344451121794872
RN082,0.05603509451003161,0.01897942068253661,0.9249854848074318
RN083,0.05757805250077332,0.043071540570233914,0.8993504069289927
RN084,0.07608365404091554,0.03306663965971238,0.8908497062993721
RN085,0.0570245745110885,0.027097475641543887,0.9158779498473676
RN086,0.07053212851405623,0.022757697456492636,0.9067101740294511
RN087,0.05118517454388737,0.025786524924579803,0.9230283005315328
RN088,0.044662515684556925,0.025462250526764364,0.9298752337886788
RN089,0.13188457427858924,0.09098681866761667,0.777128607053794
RN090,0.15724561972355322,0.048083966807171766,0.794670413469275
RN091,0.08112504591488692,0.10237707928845044,0.8164978747966627
RN092,0.10323980546202768,0.03465768799102133,0.862102506546951
RN093,0.08884193015387729,0.030606854226848158,0.8805512156192745
RN094,0.05261134676564157,0.04843584305408272,0.8989528101802757
RN095,0.06394917946003176,0.023478030704076232,0.912572789835892
RN096,0.07799754367312521,0.04563452055798948,0.8763679357688853
RN097,0.07269427738030765,0.03150623758895572,0.8957994850307366
RN098,0.035953920156867554,0.018582064401482887,0.9454640154416496
RN099,0.07740801205575788,0.024915232952404873,0.8976767549918373
RN100,0.08300359979769732,0.1231815071549698,0.7938148930473329
